$PlotData << EOD
150 1.000000e+00 
151 1.000000e+00 
152 1.000000e+00 
153 1.000000e+00 
154 1.000000e+00 
155 1.000000e+00 
156 1.000000e+00 
157 1.000000e+00 
158 1.000000e+00 
159 1.000000e+00 
160 1.000000e+00 
161 1.000000e+00 
162 1.000000e+00 
163 1.000000e+00 
164 1.000000e+00 
165 1.000000e+00 
166 1.000000e+00 
167 1.000000e+00 
168 1.000000e+00 
169 1.000000e+00 
170 1.000000e+00 
171 1.000000e+00 
172 1.000000e+00 
173 1.000000e+00 
174 1.000000e+00 
175 1.000000e+00 
176 1.000000e+00 
177 1.000000e+00 
178 1.000000e+00 
179 1.000000e+00 
180 1.000000e+00 
181 1.000000e+00 
182 1.000000e+00 
183 1.000000e+00 
184 1.000000e+00 
185 1.000000e+00 
186 1.000000e+00 
187 1.000000e+00 
188 1.000000e+00 
189 1.000000e+00 
190 1.000000e+00 
191 1.000000e+00 
192 1.000000e+00 
193 1.000000e+00 
194 1.000000e+00 
195 1.000000e+00 
196 1.000000e+00 
197 1.000000e+00 
198 1.000000e+00 
199 1.000000e+00 
200 1.000000e+00 
201 1.000000e+00 
202 1.000000e+00 
203 1.000000e+00 
204 1.000000e+00 
205 1.000000e+00 
206 1.000000e+00 
207 1.000000e+00 
208 1.000000e+00 
209 1.000000e+00 
210 1.000000e+00 
211 1.000000e+00 
212 1.000000e+00 
213 1.000000e+00 
214 1.000000e+00 
215 1.000000e+00 
216 1.000000e+00 
217 1.000000e+00 
218 1.000000e+00 
219 1.000000e+00 
220 1.000000e+00 
221 1.000000e+00 
222 1.000000e+00 
223 1.000000e+00 
224 1.000000e+00 
225 1.000000e+00 
226 1.000000e+00 
227 1.000000e+00 
228 1.000000e+00 
229 1.000000e+00 
230 1.000000e+00 
231 1.000000e+00 
232 1.000000e+00 
233 1.000000e+00 
234 1.000000e+00 
235 1.000000e+00 
236 1.000000e+00 
237 1.000000e+00 
238 1.000000e+00 
239 1.000000e+00 
240 1.000000e+00 
241 1.000000e+00 
242 1.000000e+00 
243 1.000000e+00 
244 1.000000e+00 
245 1.000000e+00 
246 1.000000e+00 
247 1.000000e+00 
248 1.000000e+00 
249 1.000000e+00 
250 1.000000e+00 
251 1.000000e+00 
252 1.000000e+00 
253 1.000000e+00 
254 1.000000e+00 
255 1.000000e+00 
256 1.000000e+00 
257 1.000000e+00 
258 1.000000e+00 
259 1.000000e+00 
260 1.000000e+00 
261 1.000000e+00 
262 1.000000e+00 
263 1.000000e+00 
264 1.000000e+00 
265 1.000000e+00 
266 1.000000e+00 
267 1.000000e+00 
268 1.000000e+00 
269 1.000000e+00 
270 1.000000e+00 
271 1.000000e+00 
272 1.000000e+00 
273 1.000000e+00 
274 1.000000e+00 
275 1.000000e+00 
276 1.000000e+00 
277 1.000000e+00 
278 1.000000e+00 
279 1.000000e+00 
280 1.000000e+00 
281 1.000000e+00 
282 1.000000e+00 
283 1.000000e+00 
284 1.000000e+00 
285 1.000000e+00 
286 1.000000e+00 
287 1.000000e+00 
288 1.000000e+00 
289 1.000000e+00 
290 1.000000e+00 
291 1.000000e+00 
292 1.000000e+00 
293 1.000000e+00 
294 1.000000e+00 
295 1.000000e+00 
296 1.000000e+00 
297 1.000000e+00 
298 1.000000e+00 
299 1.000000e+00 
300 1.000000e+00 
EOD
set title 'Staircase (scan threshold)'
