0 0 0
0 1 0
0 2 0
0 3 0
0 4 0
0 5 0
0 6 0
0 7 0
0 8 0
0 9 0
0 10 0
0 11 0
0 12 0
0 13 0
0 14 0
0 15 0
0 16 0
0 17 0
0 18 0
0 19 0
0 20 0
0 21 0
0 22 0
0 23 0
0 24 0
0 25 0
0 26 0
0 27 0
0 28 0
0 29 0
0 30 0
0 31 0
0 32 0
0 33 0
0 34 0
0 35 0
0 36 0
0 37 0
0 38 0
0 39 0
0 40 0
0 41 0
0 42 0
0 43 0
0 44 0
0 45 0
0 46 0
0 47 0
0 48 0
0 49 0
0 50 0
0 51 0
0 52 0
0 53 0
0 54 0
0 55 0
0 56 0
0 57 0
0 58 0
0 59 0
0 60 0
0 61 0
0 62 0
0 63 0
0 64 0
0 65 0
0 66 0
0 67 0
0 68 0
0 69 0
0 70 0
0 71 0
0 72 0
0 73 0
0 74 0
0 75 0
0 76 0
0 77 0
0 78 0
0 79 0
0 80 0
0 81 0
0 82 0
0 83 0
0 84 0
0 85 0
0 86 0
0 87 0
0 88 0
0 89 0
0 90 0
0 91 0
0 92 0
0 93 0
0 94 0
0 95 0
0 96 0
0 97 0
0 98 0
0 99 0
0 100 0
0 101 0
0 102 0
0 103 0
0 104 0
0 105 0
0 106 0
0 107 0
0 108 0
0 109 0
0 110 0
0 111 0
0 112 0
0 113 0
0 114 0
0 115 0
0 116 0
0 117 0
0 118 0
0 119 0
0 120 0
0 121 0
0 122 0
0 123 0
0 124 0
0 125 0
0 126 0
0 127 0
0 128 0
0 129 0
0 130 0
0 131 0
0 132 0
0 133 0
0 134 0
0 135 0
0 136 0
0 137 0
0 138 0
0 139 0
0 140 0
0 141 0
0 142 0
0 143 0
0 144 0
0 145 0
0 146 0
0 147 0
0 148 0
0 149 0
0 150 0
0 151 0
0 152 0
0 153 0
0 154 0
0 155 0
0 156 0
0 157 0
0 158 0
0 159 0
0 160 0
0 161 0
0 162 0
0 163 0
0 164 0
0 165 0
0 166 0
0 167 0
0 168 0
0 169 0
0 170 0
0 171 0
0 172 0
0 173 0
0 174 0
0 175 0
0 176 0
0 177 0
0 178 0
0 179 0
0 180 0
0 181 0
0 182 0
0 183 0
0 184 0
0 185 0
0 186 0
0 187 0
0 188 0
0 189 0
0 190 0
0 191 0
0 192 0
0 193 0
0 194 0
0 195 0
0 196 0
0 197 0
0 198 0
0 199 0
0 200 0
0 201 0
0 202 0
0 203 0
0 204 0
0 205 0
0 206 0
0 207 0
0 208 0
0 209 0
0 210 0
0 211 0
0 212 0
0 213 0
0 214 0
0 215 0
0 216 0
0 217 0
0 218 0
0 219 0
0 220 0
0 221 0
0 222 0
0 223 0
0 224 0
0 225 0
0 226 0
0 227 0
0 228 0
0 229 0
0 230 0
0 231 0
0 232 0
0 233 0
0 234 0
0 235 0
0 236 0
0 237 0
0 238 0
0 239 0
0 240 0
0 241 0
0 242 0
0 243 0
0 244 0
0 245 0
0 246 0
0 247 0
0 248 0
0 249 0
0 250 0
0 251 0
0 252 0
0 253 0
0 254 0
0 255 0
0 256 0
0 257 0
0 258 0
0 259 0
0 260 0
0 261 0
0 262 0
0 263 0
0 264 0
0 265 0
0 266 0
0 267 0
0 268 0
0 269 0
0 270 0
0 271 0
0 272 0
0 273 0
0 274 0
0 275 0
0 276 0
0 277 0
0 278 0
0 279 0
0 280 0
0 281 0
0 282 0
0 283 0
0 284 0
0 285 0
0 286 0
0 287 0
0 288 0
0 289 0
0 290 0
0 291 0
0 292 0
0 293 0
0 294 0
0 295 0
0 296 0
0 297 0
0 298 0
0 299 0
0 300 0
0 301 0
0 302 0
0 303 0
0 304 0
0 305 0
0 306 0
0 307 0
0 308 0
0 309 0
0 310 0
0 311 0
0 312 0
0 313 0
0 314 0
0 315 0
0 316 0
0 317 0
0 318 0
0 319 0
0 320 0
0 321 0
0 322 0
0 323 0
0 324 0
0 325 0
0 326 0
0 327 0
0 328 0
0 329 0
0 330 0
0 331 0
0 332 0
0 333 0
0 334 0
0 335 0
0 336 0
0 337 0
0 338 0
0 339 0
0 340 0
0 341 0
0 342 0
0 343 0
0 344 0
0 345 0
0 346 0
0 347 0
0 348 0
0 349 0
0 350 0
0 351 0
0 352 0
0 353 0
0 354 0
0 355 0
0 356 0
0 357 0
0 358 0
0 359 0
0 360 0
0 361 0
0 362 0
0 363 0
0 364 0
0 365 0
0 366 0
0 367 0
0 368 0
0 369 0
0 370 0
0 371 0
0 372 0
0 373 0
0 374 0
0 375 0
0 376 0
0 377 0
0 378 0
0 379 0
0 380 0
0 381 0
0 382 0
0 383 0
0 384 0
0 385 0
0 386 0
0 387 0
0 388 0
0 389 0
0 390 0
0 391 0
0 392 0
0 393 0
0 394 0
0 395 0
0 396 0
0 397 0
0 398 0
0 399 0
0 400 0
0 401 0
0 402 0
0 403 0
0 404 0
0 405 0
0 406 0
0 407 0
0 408 0
0 409 0
0 410 0
0 411 0
0 412 0
0 413 0
0 414 0
0 415 0
0 416 0
0 417 0
0 418 0
0 419 0
0 420 0
0 421 0
0 422 0
0 423 0
0 424 0
0 425 0
0 426 0
0 427 0
0 428 0
0 429 0
0 430 0
0 431 0
0 432 0
0 433 0
0 434 0
0 435 0
0 436 0
0 437 0
0 438 0
0 439 0
0 440 0
0 441 0
0 442 0
0 443 0
0 444 0
0 445 0
0 446 0
0 447 0
0 448 0
0 449 0
0 450 0
0 451 0
0 452 0
0 453 0
0 454 0
0 455 0
0 456 0
0 457 0
0 458 0
0 459 0
0 460 0
0 461 0
0 462 0
0 463 0
0 464 0
0 465 0
0 466 0
0 467 0
0 468 0
0 469 0
0 470 0
0 471 0
0 472 0
0 473 0
0 474 0
0 475 0
0 476 0
0 477 0
0 478 0
0 479 0
0 480 0
0 481 0
0 482 0
0 483 0
0 484 0
0 485 0
0 486 0
0 487 0
0 488 0
0 489 0
0 490 0
0 491 0
0 492 0
0 493 0
0 494 0
0 495 0
0 496 0
0 497 0
0 498 0
0 499 0
0 500 0
0 501 0
0 502 0
0 503 0
0 504 0
0 505 0
0 506 0
0 507 0
0 508 0
0 509 0
0 510 0
0 511 0
16 0 0
16 1 0
16 2 0
16 3 0
16 4 1
16 5 0
16 6 1
16 7 0
16 8 0
16 9 3
16 10 18
16 11 38
16 12 64
16 13 60
16 14 109
16 15 96
16 16 148
16 17 95
16 18 99
16 19 56
16 20 76
16 21 67
16 22 66
16 23 40
16 24 76
16 25 55
16 26 123
16 27 128
16 28 378
16 29 386
16 30 406
16 31 230
16 32 139
16 33 35
16 34 79
16 35 99
16 36 428
16 37 381
16 38 182
16 39 60
16 40 197
16 41 185
16 42 149
16 43 76
16 44 133
16 45 55
16 46 59
16 47 29
16 48 27
16 49 12
16 50 13
16 51 8
16 52 3
16 53 0
16 54 2
16 55 0
16 56 1
16 57 1
16 58 0
16 59 0
16 60 0
16 61 1
16 62 0
16 63 0
16 64 0
16 65 1
16 66 0
16 67 0
16 68 1
16 69 1
16 70 0
16 71 0
16 72 0
16 73 0
16 74 2
16 75 1
16 76 0
16 77 0
16 78 0
16 79 0
16 80 0
16 81 1
16 82 0
16 83 1
16 84 1
16 85 0
16 86 0
16 87 0
16 88 0
16 89 0
16 90 0
16 91 1
16 92 1
16 93 0
16 94 0
16 95 0
16 96 0
16 97 0
16 98 0
16 99 0
16 100 0
16 101 1
16 102 0
16 103 0
16 104 0
16 105 0
16 106 1
16 107 1
16 108 1
16 109 0
16 110 0
16 111 0
16 112 0
16 113 1
16 114 1
16 115 0
16 116 1
16 117 0
16 118 1
16 119 0
16 120 1
16 121 2
16 122 0
16 123 0
16 124 0
16 125 3
16 126 0
16 127 0
16 128 0
16 129 1
16 130 1
16 131 1
16 132 1
16 133 0
16 134 0
16 135 0
16 136 0
16 137 0
16 138 0
16 139 0
16 140 0
16 141 0
16 142 0
16 143 0
16 144 0
16 145 1
16 146 0
16 147 0
16 148 1
16 149 0
16 150 0
16 151 0
16 152 0
16 153 0
16 154 1
16 155 0
16 156 0
16 157 0
16 158 0
16 159 0
16 160 1
16 161 1
16 162 0
16 163 0
16 164 1
16 165 0
16 166 0
16 167 0
16 168 0
16 169 0
16 170 0
16 171 0
16 172 0
16 173 0
16 174 0
16 175 0
16 176 0
16 177 1
16 178 2
16 179 0
16 180 1
16 181 0
16 182 1
16 183 0
16 184 0
16 185 0
16 186 1
16 187 0
16 188 0
16 189 0
16 190 0
16 191 0
16 192 0
16 193 2
16 194 0
16 195 0
16 196 0
16 197 0
16 198 0
16 199 0
16 200 0
16 201 0
16 202 1
16 203 0
16 204 0
16 205 0
16 206 0
16 207 1
16 208 0
16 209 0
16 210 1
16 211 0
16 212 0
16 213 0
16 214 3
16 215 0
16 216 1
16 217 1
16 218 0
16 219 0
16 220 0
16 221 0
16 222 0
16 223 0
16 224 0
16 225 0
16 226 1
16 227 0
16 228 1
16 229 0
16 230 2
16 231 0
16 232 0
16 233 0
16 234 0
16 235 0
16 236 0
16 237 0
16 238 0
16 239 0
16 240 0
16 241 0
16 242 0
16 243 0
16 244 0
16 245 0
16 246 0
16 247 0
16 248 0
16 249 1
16 250 0
16 251 0
16 252 0
16 253 1
16 254 0
16 255 0
16 256 0
16 257 1
16 258 0
16 259 0
16 260 0
16 261 0
16 262 0
16 263 0
16 264 0
16 265 0
16 266 0
16 267 0
16 268 1
16 269 0
16 270 1
16 271 0
16 272 1
16 273 0
16 274 0
16 275 1
16 276 0
16 277 0
16 278 0
16 279 0
16 280 0
16 281 0
16 282 1
16 283 0
16 284 0
16 285 0
16 286 0
16 287 0
16 288 0
16 289 0
16 290 0
16 291 0
16 292 0
16 293 0
16 294 0
16 295 1
16 296 0
16 297 0
16 298 0
16 299 0
16 300 0
16 301 0
16 302 0
16 303 0
16 304 0
16 305 0
16 306 0
16 307 0
16 308 0
16 309 0
16 310 0
16 311 1
16 312 0
16 313 0
16 314 0
16 315 0
16 316 0
16 317 0
16 318 1
16 319 0
16 320 1
16 321 1
16 322 0
16 323 0
16 324 0
16 325 1
16 326 0
16 327 0
16 328 1
16 329 0
16 330 0
16 331 0
16 332 0
16 333 1
16 334 0
16 335 0
16 336 2
16 337 0
16 338 0
16 339 0
16 340 0
16 341 0
16 342 0
16 343 0
16 344 0
16 345 0
16 346 0
16 347 0
16 348 1
16 349 0
16 350 0
16 351 1
16 352 0
16 353 0
16 354 0
16 355 0
16 356 0
16 357 0
16 358 0
16 359 0
16 360 0
16 361 0
16 362 0
16 363 0
16 364 0
16 365 1
16 366 0
16 367 0
16 368 0
16 369 0
16 370 0
16 371 0
16 372 0
16 373 0
16 374 1
16 375 0
16 376 0
16 377 0
16 378 0
16 379 1
16 380 0
16 381 0
16 382 0
16 383 1
16 384 0
16 385 1
16 386 0
16 387 1
16 388 2
16 389 1
16 390 0
16 391 0
16 392 1
16 393 1
16 394 0
16 395 0
16 396 0
16 397 1
16 398 0
16 399 1
16 400 0
16 401 0
16 402 0
16 403 1
16 404 0
16 405 0
16 406 0
16 407 0
16 408 1
16 409 0
16 410 1
16 411 1
16 412 0
16 413 2
16 414 0
16 415 0
16 416 0
16 417 0
16 418 0
16 419 0
16 420 0
16 421 0
16 422 0
16 423 0
16 424 1
16 425 0
16 426 1
16 427 0
16 428 0
16 429 0
16 430 0
16 431 0
16 432 0
16 433 1
16 434 0
16 435 0
16 436 0
16 437 0
16 438 0
16 439 0
16 440 1
16 441 0
16 442 3
16 443 1
16 444 0
16 445 0
16 446 1
16 447 1
16 448 0
16 449 0
16 450 0
16 451 0
16 452 1
16 453 0
16 454 0
16 455 1
16 456 1
16 457 0
16 458 0
16 459 0
16 460 0
16 461 0
16 462 0
16 463 1
16 464 0
16 465 0
16 466 0
16 467 0
16 468 0
16 469 1
16 470 0
16 471 0
16 472 0
16 473 0
16 474 0
16 475 0
16 476 1
16 477 0
16 478 0
16 479 0
16 480 0
16 481 0
16 482 1
16 483 0
16 484 0
16 485 0
16 486 0
16 487 0
16 488 1
16 489 0
16 490 0
16 491 2
16 492 0
16 493 0
16 494 1
16 495 1
16 496 0
16 497 0
16 498 0
16 499 0
16 500 0
16 501 0
16 502 1
16 503 0
16 504 0
16 505 0
16 506 0
16 507 0
16 508 0
16 509 0
16 510 0
16 511 0
32 0 0
32 1 0
32 2 0
32 3 0
32 4 0
32 5 0
32 6 0
32 7 0
32 8 0
32 9 0
32 10 0
32 11 0
32 12 0
32 13 0
32 14 0
32 15 0
32 16 0
32 17 0
32 18 0
32 19 0
32 20 0
32 21 0
32 22 0
32 23 0
32 24 0
32 25 0
32 26 0
32 27 0
32 28 0
32 29 0
32 30 0
32 31 0
32 32 0
32 33 0
32 34 0
32 35 0
32 36 0
32 37 0
32 38 0
32 39 0
32 40 0
32 41 0
32 42 0
32 43 0
32 44 0
32 45 0
32 46 0
32 47 0
32 48 0
32 49 0
32 50 0
32 51 0
32 52 0
32 53 0
32 54 0
32 55 0
32 56 0
32 57 0
32 58 0
32 59 0
32 60 0
32 61 0
32 62 0
32 63 0
32 64 0
32 65 0
32 66 0
32 67 0
32 68 0
32 69 0
32 70 0
32 71 0
32 72 0
32 73 0
32 74 0
32 75 0
32 76 0
32 77 0
32 78 0
32 79 0
32 80 0
32 81 0
32 82 0
32 83 0
32 84 0
32 85 0
32 86 0
32 87 0
32 88 0
32 89 0
32 90 0
32 91 0
32 92 0
32 93 0
32 94 0
32 95 0
32 96 0
32 97 0
32 98 0
32 99 0
32 100 0
32 101 0
32 102 0
32 103 0
32 104 0
32 105 0
32 106 0
32 107 0
32 108 0
32 109 0
32 110 0
32 111 0
32 112 0
32 113 0
32 114 0
32 115 0
32 116 0
32 117 0
32 118 0
32 119 0
32 120 0
32 121 0
32 122 0
32 123 0
32 124 0
32 125 0
32 126 0
32 127 0
32 128 0
32 129 0
32 130 0
32 131 0
32 132 0
32 133 0
32 134 0
32 135 0
32 136 0
32 137 0
32 138 0
32 139 0
32 140 0
32 141 0
32 142 0
32 143 0
32 144 0
32 145 0
32 146 0
32 147 0
32 148 0
32 149 0
32 150 0
32 151 0
32 152 0
32 153 0
32 154 0
32 155 0
32 156 0
32 157 0
32 158 0
32 159 0
32 160 0
32 161 0
32 162 0
32 163 0
32 164 0
32 165 0
32 166 0
32 167 0
32 168 0
32 169 0
32 170 0
32 171 0
32 172 0
32 173 0
32 174 0
32 175 0
32 176 0
32 177 0
32 178 0
32 179 0
32 180 0
32 181 0
32 182 0
32 183 0
32 184 0
32 185 0
32 186 0
32 187 0
32 188 0
32 189 0
32 190 0
32 191 0
32 192 0
32 193 0
32 194 0
32 195 0
32 196 0
32 197 0
32 198 0
32 199 0
32 200 0
32 201 0
32 202 0
32 203 0
32 204 0
32 205 0
32 206 0
32 207 0
32 208 0
32 209 0
32 210 0
32 211 0
32 212 0
32 213 0
32 214 0
32 215 0
32 216 0
32 217 0
32 218 0
32 219 0
32 220 0
32 221 0
32 222 0
32 223 0
32 224 0
32 225 0
32 226 0
32 227 0
32 228 0
32 229 0
32 230 0
32 231 0
32 232 0
32 233 0
32 234 0
32 235 0
32 236 0
32 237 0
32 238 0
32 239 0
32 240 0
32 241 0
32 242 0
32 243 0
32 244 0
32 245 0
32 246 0
32 247 0
32 248 0
32 249 0
32 250 0
32 251 0
32 252 0
32 253 0
32 254 0
32 255 0
32 256 0
32 257 0
32 258 0
32 259 0
32 260 0
32 261 0
32 262 0
32 263 0
32 264 0
32 265 0
32 266 0
32 267 0
32 268 0
32 269 0
32 270 0
32 271 0
32 272 0
32 273 0
32 274 0
32 275 0
32 276 0
32 277 0
32 278 0
32 279 0
32 280 0
32 281 0
32 282 0
32 283 0
32 284 0
32 285 0
32 286 0
32 287 0
32 288 0
32 289 0
32 290 0
32 291 0
32 292 0
32 293 0
32 294 0
32 295 0
32 296 0
32 297 0
32 298 0
32 299 0
32 300 0
32 301 0
32 302 0
32 303 0
32 304 0
32 305 0
32 306 0
32 307 0
32 308 0
32 309 0
32 310 0
32 311 0
32 312 0
32 313 0
32 314 0
32 315 0
32 316 0
32 317 0
32 318 0
32 319 0
32 320 0
32 321 0
32 322 0
32 323 0
32 324 0
32 325 0
32 326 0
32 327 0
32 328 0
32 329 0
32 330 0
32 331 0
32 332 0
32 333 0
32 334 0
32 335 0
32 336 0
32 337 0
32 338 0
32 339 0
32 340 0
32 341 0
32 342 0
32 343 0
32 344 0
32 345 0
32 346 0
32 347 0
32 348 0
32 349 0
32 350 0
32 351 0
32 352 0
32 353 0
32 354 0
32 355 0
32 356 0
32 357 0
32 358 0
32 359 0
32 360 0
32 361 0
32 362 0
32 363 0
32 364 0
32 365 0
32 366 0
32 367 0
32 368 0
32 369 0
32 370 0
32 371 0
32 372 0
32 373 0
32 374 0
32 375 0
32 376 0
32 377 0
32 378 0
32 379 0
32 380 0
32 381 0
32 382 0
32 383 0
32 384 0
32 385 0
32 386 0
32 387 0
32 388 0
32 389 0
32 390 0
32 391 0
32 392 0
32 393 0
32 394 0
32 395 0
32 396 0
32 397 0
32 398 0
32 399 0
32 400 0
32 401 0
32 402 0
32 403 0
32 404 0
32 405 0
32 406 0
32 407 0
32 408 0
32 409 0
32 410 0
32 411 0
32 412 0
32 413 0
32 414 0
32 415 0
32 416 0
32 417 0
32 418 0
32 419 0
32 420 0
32 421 0
32 422 0
32 423 0
32 424 0
32 425 0
32 426 0
32 427 0
32 428 0
32 429 0
32 430 0
32 431 0
32 432 0
32 433 0
32 434 0
32 435 0
32 436 0
32 437 0
32 438 0
32 439 0
32 440 0
32 441 0
32 442 0
32 443 0
32 444 0
32 445 0
32 446 0
32 447 0
32 448 0
32 449 0
32 450 0
32 451 0
32 452 0
32 453 0
32 454 0
32 455 0
32 456 0
32 457 0
32 458 0
32 459 0
32 460 0
32 461 0
32 462 0
32 463 0
32 464 0
32 465 0
32 466 0
32 467 0
32 468 0
32 469 0
32 470 0
32 471 0
32 472 0
32 473 0
32 474 0
32 475 0
32 476 0
32 477 0
32 478 0
32 479 0
32 480 0
32 481 0
32 482 0
32 483 0
32 484 0
32 485 0
32 486 0
32 487 0
32 488 0
32 489 0
32 490 0
32 491 0
32 492 0
32 493 0
32 494 0
32 495 0
32 496 0
32 497 0
32 498 0
32 499 0
32 500 0
32 501 0
32 502 0
32 503 0
32 504 0
32 505 0
32 506 0
32 507 0
32 508 0
32 509 0
32 510 0
32 511 0
1 0 0
1 1 0
1 2 0
1 3 0
1 4 0
1 5 1
1 6 0
1 7 0
1 8 0
1 9 1
1 10 8
1 11 9
1 12 12
1 13 25
1 14 32
1 15 60
1 16 51
1 17 78
1 18 66
1 19 48
1 20 41
1 21 44
1 22 44
1 23 55
1 24 51
1 25 45
1 26 60
1 27 38
1 28 43
1 29 45
1 30 45
1 31 65
1 32 64
1 33 69
1 34 76
1 35 80
1 36 97
1 37 88
1 38 85
1 39 102
1 40 63
1 41 54
1 42 46
1 43 35
1 44 22
1 45 26
1 46 26
1 47 34
1 48 60
1 49 39
1 50 29
1 51 24
1 52 15
1 53 2
1 54 0
1 55 0
1 56 0
1 57 0
1 58 0
1 59 0
1 60 0
1 61 0
1 62 1
1 63 0
1 64 0
1 65 0
1 66 0
1 67 0
1 68 0
1 69 0
1 70 0
1 71 0
1 72 0
1 73 0
1 74 0
1 75 0
1 76 0
1 77 0
1 78 0
1 79 0
1 80 0
1 81 0
1 82 0
1 83 0
1 84 0
1 85 0
1 86 0
1 87 0
1 88 0
1 89 0
1 90 0
1 91 0
1 92 0
1 93 0
1 94 0
1 95 0
1 96 0
1 97 0
1 98 0
1 99 0
1 100 0
1 101 0
1 102 0
1 103 0
1 104 0
1 105 0
1 106 0
1 107 0
1 108 0
1 109 0
1 110 1
1 111 0
1 112 0
1 113 0
1 114 1
1 115 0
1 116 1
1 117 1
1 118 0
1 119 1
1 120 3
1 121 0
1 122 0
1 123 2
1 124 1
1 125 1
1 126 1
1 127 0
1 128 1
1 129 0
1 130 0
1 131 1
1 132 0
1 133 0
1 134 0
1 135 0
1 136 0
1 137 0
1 138 0
1 139 0
1 140 0
1 141 0
1 142 0
1 143 0
1 144 0
1 145 0
1 146 0
1 147 0
1 148 0
1 149 0
1 150 0
1 151 0
1 152 0
1 153 0
1 154 0
1 155 0
1 156 1
1 157 0
1 158 0
1 159 0
1 160 0
1 161 0
1 162 0
1 163 0
1 164 0
1 165 0
1 166 0
1 167 0
1 168 0
1 169 0
1 170 0
1 171 0
1 172 0
1 173 0
1 174 0
1 175 0
1 176 0
1 177 0
1 178 0
1 179 0
1 180 0
1 181 0
1 182 0
1 183 0
1 184 0
1 185 0
1 186 0
1 187 0
1 188 0
1 189 0
1 190 0
1 191 0
1 192 0
1 193 0
1 194 0
1 195 0
1 196 0
1 197 0
1 198 0
1 199 0
1 200 0
1 201 0
1 202 0
1 203 0
1 204 0
1 205 0
1 206 0
1 207 0
1 208 0
1 209 0
1 210 0
1 211 0
1 212 0
1 213 0
1 214 0
1 215 0
1 216 0
1 217 0
1 218 0
1 219 0
1 220 0
1 221 0
1 222 0
1 223 0
1 224 0
1 225 0
1 226 1
1 227 0
1 228 0
1 229 0
1 230 0
1 231 0
1 232 0
1 233 0
1 234 0
1 235 0
1 236 0
1 237 0
1 238 0
1 239 0
1 240 0
1 241 0
1 242 0
1 243 0
1 244 0
1 245 0
1 246 0
1 247 0
1 248 0
1 249 0
1 250 0
1 251 0
1 252 0
1 253 0
1 254 0
1 255 0
1 256 0
1 257 0
1 258 0
1 259 0
1 260 0
1 261 0
1 262 0
1 263 0
1 264 1
1 265 0
1 266 0
1 267 0
1 268 0
1 269 0
1 270 0
1 271 0
1 272 0
1 273 0
1 274 0
1 275 0
1 276 0
1 277 0
1 278 0
1 279 0
1 280 1
1 281 1
1 282 0
1 283 0
1 284 0
1 285 0
1 286 0
1 287 1
1 288 0
1 289 0
1 290 0
1 291 0
1 292 0
1 293 0
1 294 0
1 295 0
1 296 0
1 297 0
1 298 0
1 299 0
1 300 0
1 301 0
1 302 0
1 303 0
1 304 0
1 305 0
1 306 0
1 307 0
1 308 0
1 309 0
1 310 0
1 311 0
1 312 0
1 313 0
1 314 1
1 315 0
1 316 0
1 317 0
1 318 1
1 319 0
1 320 0
1 321 0
1 322 0
1 323 1
1 324 0
1 325 0
1 326 0
1 327 0
1 328 1
1 329 0
1 330 0
1 331 0
1 332 0
1 333 0
1 334 0
1 335 0
1 336 1
1 337 1
1 338 0
1 339 0
1 340 0
1 341 0
1 342 0
1 343 0
1 344 0
1 345 0
1 346 0
1 347 0
1 348 0
1 349 0
1 350 0
1 351 0
1 352 0
1 353 0
1 354 0
1 355 0
1 356 0
1 357 0
1 358 0
1 359 0
1 360 0
1 361 0
1 362 0
1 363 0
1 364 0
1 365 0
1 366 0
1 367 0
1 368 0
1 369 0
1 370 0
1 371 0
1 372 0
1 373 0
1 374 0
1 375 0
1 376 0
1 377 0
1 378 0
1 379 0
1 380 0
1 381 0
1 382 0
1 383 0
1 384 0
1 385 0
1 386 1
1 387 0
1 388 0
1 389 0
1 390 0
1 391 0
1 392 0
1 393 0
1 394 0
1 395 0
1 396 0
1 397 1
1 398 0
1 399 0
1 400 0
1 401 0
1 402 0
1 403 0
1 404 0
1 405 0
1 406 0
1 407 0
1 408 0
1 409 0
1 410 0
1 411 0
1 412 0
1 413 0
1 414 0
1 415 0
1 416 0
1 417 0
1 418 0
1 419 0
1 420 0
1 421 0
1 422 0
1 423 0
1 424 0
1 425 0
1 426 0
1 427 0
1 428 0
1 429 1
1 430 0
1 431 0
1 432 0
1 433 0
1 434 0
1 435 0
1 436 0
1 437 0
1 438 0
1 439 0
1 440 0
1 441 0
1 442 0
1 443 0
1 444 0
1 445 0
1 446 0
1 447 0
1 448 0
1 449 0
1 450 0
1 451 0
1 452 0
1 453 0
1 454 0
1 455 0
1 456 0
1 457 0
1 458 0
1 459 0
1 460 0
1 461 0
1 462 0
1 463 0
1 464 0
1 465 0
1 466 0
1 467 0
1 468 0
1 469 0
1 470 0
1 471 0
1 472 1
1 473 0
1 474 0
1 475 0
1 476 0
1 477 0
1 478 0
1 479 0
1 480 0
1 481 0
1 482 0
1 483 0
1 484 1
1 485 0
1 486 0
1 487 0
1 488 0
1 489 0
1 490 0
1 491 0
1 492 0
1 493 0
1 494 0
1 495 0
1 496 1
1 497 0
1 498 0
1 499 0
1 500 0
1 501 0
1 502 0
1 503 0
1 504 0
1 505 1
1 506 0
1 507 0
1 508 0
1 509 0
1 510 0
1 511 0
33 0 0
33 1 0
33 2 0
33 3 0
33 4 0
33 5 0
33 6 0
33 7 0
33 8 0
33 9 0
33 10 0
33 11 0
33 12 0
33 13 0
33 14 0
33 15 0
33 16 0
33 17 0
33 18 0
33 19 0
33 20 0
33 21 0
33 22 0
33 23 0
33 24 0
33 25 0
33 26 0
33 27 0
33 28 0
33 29 0
33 30 0
33 31 0
33 32 0
33 33 0
33 34 0
33 35 0
33 36 0
33 37 0
33 38 0
33 39 0
33 40 0
33 41 0
33 42 0
33 43 0
33 44 0
33 45 0
33 46 0
33 47 0
33 48 0
33 49 0
33 50 0
33 51 0
33 52 0
33 53 0
33 54 0
33 55 0
33 56 0
33 57 0
33 58 0
33 59 0
33 60 0
33 61 0
33 62 0
33 63 0
33 64 0
33 65 0
33 66 0
33 67 0
33 68 0
33 69 0
33 70 0
33 71 0
33 72 0
33 73 0
33 74 0
33 75 0
33 76 0
33 77 0
33 78 0
33 79 0
33 80 0
33 81 0
33 82 0
33 83 0
33 84 0
33 85 0
33 86 0
33 87 0
33 88 0
33 89 0
33 90 0
33 91 0
33 92 0
33 93 0
33 94 0
33 95 0
33 96 0
33 97 0
33 98 0
33 99 0
33 100 0
33 101 0
33 102 0
33 103 0
33 104 0
33 105 0
33 106 0
33 107 0
33 108 0
33 109 0
33 110 0
33 111 0
33 112 0
33 113 0
33 114 0
33 115 0
33 116 0
33 117 0
33 118 0
33 119 0
33 120 0
33 121 0
33 122 0
33 123 0
33 124 0
33 125 0
33 126 0
33 127 0
33 128 0
33 129 0
33 130 0
33 131 0
33 132 0
33 133 0
33 134 0
33 135 0
33 136 0
33 137 0
33 138 0
33 139 0
33 140 0
33 141 0
33 142 0
33 143 0
33 144 0
33 145 0
33 146 0
33 147 0
33 148 0
33 149 0
33 150 0
33 151 0
33 152 0
33 153 0
33 154 0
33 155 0
33 156 0
33 157 0
33 158 0
33 159 0
33 160 0
33 161 0
33 162 0
33 163 0
33 164 0
33 165 0
33 166 0
33 167 0
33 168 0
33 169 0
33 170 0
33 171 0
33 172 0
33 173 0
33 174 0
33 175 0
33 176 0
33 177 0
33 178 0
33 179 0
33 180 0
33 181 0
33 182 0
33 183 0
33 184 0
33 185 0
33 186 0
33 187 0
33 188 0
33 189 0
33 190 0
33 191 0
33 192 0
33 193 0
33 194 0
33 195 0
33 196 0
33 197 0
33 198 0
33 199 0
33 200 0
33 201 0
33 202 0
33 203 0
33 204 0
33 205 0
33 206 0
33 207 0
33 208 0
33 209 0
33 210 0
33 211 0
33 212 0
33 213 0
33 214 0
33 215 0
33 216 0
33 217 0
33 218 0
33 219 0
33 220 0
33 221 0
33 222 0
33 223 0
33 224 0
33 225 0
33 226 0
33 227 0
33 228 0
33 229 0
33 230 0
33 231 0
33 232 0
33 233 0
33 234 0
33 235 0
33 236 0
33 237 0
33 238 0
33 239 0
33 240 0
33 241 0
33 242 0
33 243 0
33 244 0
33 245 0
33 246 0
33 247 0
33 248 0
33 249 0
33 250 0
33 251 0
33 252 0
33 253 0
33 254 0
33 255 0
33 256 0
33 257 0
33 258 0
33 259 0
33 260 0
33 261 0
33 262 0
33 263 0
33 264 0
33 265 0
33 266 0
33 267 0
33 268 0
33 269 0
33 270 0
33 271 0
33 272 0
33 273 0
33 274 0
33 275 0
33 276 0
33 277 0
33 278 0
33 279 0
33 280 0
33 281 0
33 282 0
33 283 0
33 284 0
33 285 0
33 286 0
33 287 0
33 288 0
33 289 0
33 290 0
33 291 0
33 292 0
33 293 0
33 294 0
33 295 0
33 296 0
33 297 0
33 298 0
33 299 0
33 300 0
33 301 0
33 302 0
33 303 0
33 304 0
33 305 0
33 306 0
33 307 0
33 308 0
33 309 0
33 310 0
33 311 0
33 312 0
33 313 0
33 314 0
33 315 0
33 316 0
33 317 0
33 318 0
33 319 0
33 320 0
33 321 0
33 322 0
33 323 0
33 324 0
33 325 0
33 326 0
33 327 0
33 328 0
33 329 0
33 330 0
33 331 0
33 332 0
33 333 0
33 334 0
33 335 0
33 336 0
33 337 0
33 338 0
33 339 0
33 340 0
33 341 0
33 342 0
33 343 0
33 344 0
33 345 0
33 346 0
33 347 0
33 348 0
33 349 0
33 350 0
33 351 0
33 352 0
33 353 0
33 354 0
33 355 0
33 356 0
33 357 0
33 358 0
33 359 0
33 360 0
33 361 0
33 362 0
33 363 0
33 364 0
33 365 0
33 366 0
33 367 0
33 368 0
33 369 0
33 370 0
33 371 0
33 372 0
33 373 0
33 374 0
33 375 0
33 376 0
33 377 0
33 378 0
33 379 0
33 380 0
33 381 0
33 382 0
33 383 0
33 384 0
33 385 0
33 386 0
33 387 0
33 388 0
33 389 0
33 390 0
33 391 0
33 392 0
33 393 0
33 394 0
33 395 0
33 396 0
33 397 0
33 398 0
33 399 0
33 400 0
33 401 0
33 402 0
33 403 0
33 404 0
33 405 0
33 406 0
33 407 0
33 408 0
33 409 0
33 410 0
33 411 0
33 412 0
33 413 0
33 414 0
33 415 0
33 416 0
33 417 0
33 418 0
33 419 0
33 420 0
33 421 0
33 422 0
33 423 0
33 424 0
33 425 0
33 426 0
33 427 0
33 428 0
33 429 0
33 430 0
33 431 0
33 432 0
33 433 0
33 434 0
33 435 0
33 436 0
33 437 0
33 438 0
33 439 0
33 440 0
33 441 0
33 442 0
33 443 0
33 444 0
33 445 0
33 446 0
33 447 0
33 448 0
33 449 0
33 450 0
33 451 0
33 452 0
33 453 0
33 454 0
33 455 0
33 456 0
33 457 0
33 458 0
33 459 0
33 460 0
33 461 0
33 462 0
33 463 0
33 464 0
33 465 0
33 466 0
33 467 0
33 468 0
33 469 0
33 470 0
33 471 0
33 472 0
33 473 0
33 474 0
33 475 0
33 476 0
33 477 0
33 478 0
33 479 0
33 480 0
33 481 0
33 482 0
33 483 0
33 484 0
33 485 0
33 486 0
33 487 0
33 488 0
33 489 0
33 490 0
33 491 0
33 492 0
33 493 0
33 494 0
33 495 0
33 496 0
33 497 0
33 498 0
33 499 0
33 500 0
33 501 0
33 502 0
33 503 0
33 504 0
33 505 0
33 506 0
33 507 0
33 508 0
33 509 0
33 510 0
33 511 0
2 0 0
2 1 0
2 2 0
2 3 0
2 4 0
2 5 0
2 6 0
2 7 1
2 8 0
2 9 2
2 10 5
2 11 9
2 12 22
2 13 19
2 14 9
2 15 32
2 16 34
2 17 31
2 18 29
2 19 37
2 20 44
2 21 44
2 22 29
2 23 31
2 24 29
2 25 37
2 26 42
2 27 37
2 28 50
2 29 49
2 30 52
2 31 63
2 32 85
2 33 71
2 34 70
2 35 49
2 36 48
2 37 45
2 38 31
2 39 20
2 40 25
2 41 20
2 42 25
2 43 23
2 44 36
2 45 51
2 46 27
2 47 20
2 48 23
2 49 15
2 50 7
2 51 1
2 52 0
2 53 0
2 54 0
2 55 0
2 56 0
2 57 0
2 58 0
2 59 0
2 60 0
2 61 0
2 62 0
2 63 0
2 64 0
2 65 0
2 66 0
2 67 1
2 68 0
2 69 0
2 70 1
2 71 0
2 72 0
2 73 0
2 74 0
2 75 0
2 76 0
2 77 0
2 78 0
2 79 0
2 80 0
2 81 0
2 82 0
2 83 0
2 84 0
2 85 0
2 86 0
2 87 1
2 88 0
2 89 0
2 90 1
2 91 0
2 92 0
2 93 0
2 94 0
2 95 0
2 96 0
2 97 0
2 98 0
2 99 0
2 100 0
2 101 0
2 102 0
2 103 0
2 104 0
2 105 0
2 106 0
2 107 0
2 108 0
2 109 0
2 110 2
2 111 2
2 112 0
2 113 4
2 114 2
2 115 2
2 116 2
2 117 3
2 118 0
2 119 0
2 120 1
2 121 0
2 122 0
2 123 0
2 124 2
2 125 1
2 126 1
2 127 1
2 128 1
2 129 2
2 130 1
2 131 2
2 132 3
2 133 1
2 134 1
2 135 0
2 136 0
2 137 0
2 138 0
2 139 0
2 140 0
2 141 0
2 142 0
2 143 0
2 144 0
2 145 0
2 146 0
2 147 1
2 148 0
2 149 0
2 150 0
2 151 0
2 152 0
2 153 0
2 154 1
2 155 0
2 156 0
2 157 0
2 158 0
2 159 0
2 160 0
2 161 0
2 162 0
2 163 0
2 164 0
2 165 0
2 166 0
2 167 0
2 168 0
2 169 0
2 170 0
2 171 0
2 172 0
2 173 0
2 174 0
2 175 0
2 176 0
2 177 0
2 178 0
2 179 0
2 180 0
2 181 0
2 182 0
2 183 0
2 184 0
2 185 0
2 186 0
2 187 2
2 188 0
2 189 0
2 190 0
2 191 0
2 192 0
2 193 0
2 194 0
2 195 0
2 196 0
2 197 0
2 198 0
2 199 1
2 200 1
2 201 0
2 202 0
2 203 0
2 204 0
2 205 0
2 206 0
2 207 0
2 208 0
2 209 0
2 210 0
2 211 0
2 212 0
2 213 0
2 214 0
2 215 0
2 216 0
2 217 1
2 218 1
2 219 0
2 220 1
2 221 2
2 222 0
2 223 0
2 224 0
2 225 0
2 226 1
2 227 0
2 228 0
2 229 0
2 230 0
2 231 0
2 232 0
2 233 0
2 234 0
2 235 0
2 236 0
2 237 0
2 238 0
2 239 0
2 240 0
2 241 0
2 242 1
2 243 0
2 244 0
2 245 0
2 246 0
2 247 0
2 248 0
2 249 1
2 250 0
2 251 0
2 252 0
2 253 0
2 254 0
2 255 0
2 256 0
2 257 0
2 258 0
2 259 0
2 260 0
2 261 0
2 262 1
2 263 0
2 264 0
2 265 0
2 266 0
2 267 0
2 268 1
2 269 0
2 270 0
2 271 0
2 272 0
2 273 0
2 274 0
2 275 0
2 276 0
2 277 0
2 278 0
2 279 0
2 280 0
2 281 0
2 282 0
2 283 0
2 284 1
2 285 0
2 286 0
2 287 0
2 288 0
2 289 0
2 290 0
2 291 0
2 292 0
2 293 0
2 294 0
2 295 0
2 296 0
2 297 0
2 298 0
2 299 0
2 300 0
2 301 0
2 302 0
2 303 1
2 304 0
2 305 0
2 306 0
2 307 0
2 308 1
2 309 0
2 310 0
2 311 0
2 312 0
2 313 0
2 314 0
2 315 0
2 316 0
2 317 0
2 318 0
2 319 0
2 320 0
2 321 0
2 322 0
2 323 1
2 324 0
2 325 0
2 326 0
2 327 0
2 328 0
2 329 0
2 330 0
2 331 0
2 332 0
2 333 0
2 334 0
2 335 1
2 336 0
2 337 0
2 338 0
2 339 1
2 340 0
2 341 0
2 342 0
2 343 0
2 344 0
2 345 0
2 346 0
2 347 0
2 348 0
2 349 0
2 350 0
2 351 0
2 352 0
2 353 0
2 354 0
2 355 0
2 356 1
2 357 1
2 358 0
2 359 0
2 360 0
2 361 0
2 362 0
2 363 0
2 364 0
2 365 0
2 366 0
2 367 0
2 368 0
2 369 0
2 370 0
2 371 0
2 372 0
2 373 0
2 374 0
2 375 0
2 376 0
2 377 0
2 378 0
2 379 0
2 380 0
2 381 0
2 382 0
2 383 0
2 384 0
2 385 0
2 386 0
2 387 0
2 388 0
2 389 0
2 390 0
2 391 0
2 392 0
2 393 2
2 394 0
2 395 0
2 396 0
2 397 0
2 398 0
2 399 0
2 400 0
2 401 0
2 402 0
2 403 0
2 404 0
2 405 0
2 406 0
2 407 0
2 408 0
2 409 0
2 410 0
2 411 0
2 412 1
2 413 0
2 414 0
2 415 0
2 416 0
2 417 0
2 418 0
2 419 0
2 420 0
2 421 0
2 422 0
2 423 0
2 424 0
2 425 0
2 426 0
2 427 0
2 428 0
2 429 0
2 430 0
2 431 0
2 432 0
2 433 0
2 434 0
2 435 0
2 436 0
2 437 0
2 438 0
2 439 0
2 440 0
2 441 0
2 442 0
2 443 0
2 444 0
2 445 0
2 446 0
2 447 1
2 448 0
2 449 0
2 450 1
2 451 0
2 452 1
2 453 0
2 454 0
2 455 0
2 456 0
2 457 0
2 458 0
2 459 0
2 460 0
2 461 0
2 462 0
2 463 0
2 464 0
2 465 0
2 466 0
2 467 0
2 468 0
2 469 0
2 470 0
2 471 0
2 472 0
2 473 0
2 474 0
2 475 0
2 476 0
2 477 0
2 478 0
2 479 0
2 480 0
2 481 0
2 482 0
2 483 0
2 484 0
2 485 0
2 486 0
2 487 1
2 488 0
2 489 0
2 490 0
2 491 0
2 492 0
2 493 0
2 494 0
2 495 0
2 496 0
2 497 0
2 498 0
2 499 0
2 500 0
2 501 0
2 502 0
2 503 0
2 504 0
2 505 0
2 506 0
2 507 0
2 508 0
2 509 0
2 510 0
2 511 0